Opened HDF5 file: t0.h5
  Read layer: layer_0 with shape (4, 3, 96)
  Read layer: layer_1 with shape (4, 12, 12)
  Read layer: layer_2 with shape (4, 12, 6)
  Read overflow data with shape (4, 3)
  Read energy data with shape (4, 1)

--- layer_0 ---
First 5 entries:
[[[0.00000000e+00 7.42170566e-01 0.00000000e+00 ... 0.00000000e+00
   0.00000000e+00 0.00000000e+00]
  [0.00000000e+00 0.00000000e+00 0.00000000e+00 ... 0.00000000e+00
   0.00000000e+00 9.84451809e-01]
  [0.00000000e+00 0.00000000e+00 1.19295416e-02 ... 5.86286236e+02
   1.05236152e+02 2.74072441e+01]]

 [[0.00000000e+00 0.00000000e+00 0.00000000e+00 ... 0.00000000e+00
   0.00000000e+00 0.00000000e+00]
  [0.00000000e+00 0.00000000e+00 0.00000000e+00 ... 0.00000000e+00
   0.00000000e+00 0.00000000e+00]
  [0.00000000e+00 5.82394857e-01 0.00000000e+00 ... 1.97371589e+02
   3.06432117e+01 1.20716772e+01]]

 [[0.00000000e+00 0.00000000e+00 0.00000000e+00 ... 0.00000000e+00
   0.00000000e+00 0.00000000e+00]
  [0.00000000e+00 0.00000000e+00 0.00000000e+00 ... 0.00000000e+00
   0.00000000e+00 0.00000000e+00]
  [0.00000000e+00 0.00000000e+00 0.00000000e+00 ... 4.32097614e+02
   8.96735846e+01 1.50031507e+01]]

 [[0.00000000e+00 0.00000000e+00 0.00000000e+00 ... 4.84116336e-01
   5.18091259e-01 1.72072397e+00]
  [3.29238511e-01 4.48307707e-01 0.00000000e+00 ... 5.10998910e-01
   2.84932026e+00 0.00000000e+00]
  [0.00000000e+00 0.00000000e+00 0.00000000e+00 ... 5.04623816e+02
   1.10097190e+02 1.85877587e+01]]]
Data type: float64

--- layer_1 ---
First 5 entries:
[[[9.34531219e+00 7.72080339e+00 1.03122920e+00 7.35558316e-01
   1.53287615e+01 3.71669273e+01 1.19876377e+02 6.04329422e+02
   1.75168807e+04 1.77504093e+04 6.36805580e+02 1.48871117e+02]
  [3.50220394e+01 2.55636838e-01 1.33071789e+01 3.22438000e+00
   2.55333944e+00 7.75875749e+00 2.02042992e+01 7.12905991e+01
   2.68218237e+02 6.70638981e+02 6.47768781e+02 2.24096770e+02]
  [5.35647702e+00 5.69434207e+01 1.54345854e+01 3.74683100e+00
   3.58110398e+00 3.45665717e-02 1.55707780e+00 1.39461694e+01
   3.56530527e+01 6.95852053e+01 1.15009832e+02 0.00000000e+00]
  [1.23012662e+02 6.35688943e+01 2.70924963e+01 1.89256010e+01
   5.41379107e-01 1.05805293e+01 3.96621802e+00 2.46085555e+00
   9.71198912e+00 9.12984958e+00 0.00000000e+00 2.89444125e+00]
  [2.41410150e+01 2.86575738e+01 2.83926301e+01 1.94099177e+01
   1.68369600e+01 9.10173167e+00 2.30739560e+00 1.52292542e-03
   0.00000000e+00 1.73726446e-02 9.92829210e-01 3.94944323e+00]
  [9.79171707e-01 1.25286533e+01 1.04648283e+01 1.59399226e+01
   2.46406629e+00 2.79503745e+00 0.00000000e+00 1.11384882e+00
   0.00000000e+00 9.22473488e-01 0.00000000e+00 1.18133274e-02]
  [2.03752371e+00 6.88584530e-01 1.62727632e+00 3.27945288e+00
   4.07331796e+00 3.12548539e+00 3.70325646e+00 0.00000000e+00
   1.52060000e-02 0.00000000e+00 0.00000000e+00 0.00000000e+00]
  [2.14550231e-01 0.00000000e+00 0.00000000e+00 0.00000000e+00
   0.00000000e+00 0.00000000e+00 0.00000000e+00 5.79991913e+00
   0.00000000e+00 0.00000000e+00 0.00000000e+00 0.00000000e+00]
  [0.00000000e+00 1.06491795e+00 1.70710767e+00 0.00000000e+00
   0.00000000e+00 0.00000000e+00 8.53345252e-01 0.00000000e+00
   0.00000000e+00 5.53597596e+00 3.59237459e-01 4.21231421e-01]
  [0.00000000e+00 4.73638714e-01 6.71485715e-01 7.92750725e+00
   5.49415365e+00 3.20800346e+00 2.64298677e+00 0.00000000e+00
   0.00000000e+00 2.37976908e+00 5.68138667e+01 4.51452339e+01]
  [1.56723235e+00 6.86240036e-01 0.00000000e+00 0.00000000e+00
   1.59697572e+00 5.77560251e+01 5.21517806e+01 1.35965405e+00
   0.00000000e+00 2.42247656e+00 9.07684009e-01 1.31740204e+01]
  [1.69788323e+01 2.62316198e+00 0.00000000e+00 1.51593260e+00
   1.33407557e+00 0.00000000e+00 3.17483868e+00 3.54189908e+00
   0.00000000e+00 0.00000000e+00 4.96611877e-01 0.00000000e+00]]

 [[7.10561728e-01 3.78190141e+00 0.00000000e+00 7.38911350e-01
   1.68036612e+01 1.36381547e+01 4.22424894e+01 2.38294039e+02
   5.37778752e+03 5.79596547e+03 2.12242174e+02 5.97439774e+01]
  [1.04323505e+01 2.38815640e+00 2.83850032e+00 6.55380623e-01
   4.24403950e-03 2.32788767e+00 4.13032778e+00 3.23225568e+01
   7.95221336e+01 1.60121108e+02 2.41944333e+02 9.44429911e+01]
  [7.83057665e-01 1.23498733e+01 1.52209289e+01 1.42239693e+00
   4.59998548e-01 0.00000000e+00 4.39097125e+00 3.44749922e+00
   1.44249700e+01 1.94410176e+01 3.32099804e+01 3.03400460e-01]
  [6.55904225e+01 3.51590854e+01 6.16048641e+00 3.42445094e+00
   1.43366767e+00 5.50043090e-01 0.00000000e+00 9.90947544e-01
   1.63878164e+00 3.69180314e+00 0.00000000e+00 0.00000000e+00]
  [4.86216772e+00 6.23836706e+00 3.27823427e+00 6.66440198e+00
   5.37866861e+00 2.57020097e+00 2.26041405e+00 1.00362171e+00
   0.00000000e+00 9.33169824e-01 0.00000000e+00 0.00000000e+00]
  [4.09228857e+00 2.73398241e+00 4.84227309e+00 3.61283718e+00
   8.36558879e-01 1.98705681e+00 2.90062607e-01 4.14572192e-01
   0.00000000e+00 1.35673987e+00 0.00000000e+00 0.00000000e+00]
  [0.00000000e+00 0.00000000e+00 3.02980936e+00 0.00000000e+00
   0.00000000e+00 2.33984736e+00 0.00000000e+00 0.00000000e+00
   0.00000000e+00 0.00000000e+00 0.00000000e+00 0.00000000e+00]
  [0.00000000e+00 0.00000000e+00 0.00000000e+00 0.00000000e+00
   6.32470505e-01 0.00000000e+00 0.00000000e+00 4.05013178e-01
   1.57651221e-01 0.00000000e+00 0.00000000e+00 0.00000000e+00]
  [0.00000000e+00 0.00000000e+00 0.00000000e+00 0.00000000e+00
   0.00000000e+00 0.00000000e+00 5.99009910e-01 5.10998910e-01
   0.00000000e+00 5.38661232e-01 0.00000000e+00 7.90269960e-01]
  [0.00000000e+00 0.00000000e+00 0.00000000e+00 0.00000000e+00
   5.10998910e-01 0.00000000e+00 3.21824530e-01 0.00000000e+00
   0.00000000e+00 0.00000000e+00 2.76462782e-01 2.30283483e-01]
  [1.81364963e+00 0.00000000e+00 0.00000000e+00 4.41266032e-01
   0.00000000e+00 3.66234078e-01 1.32526919e+01 1.68522637e+00
   1.06738515e-01 0.00000000e+00 4.03229507e+00 1.40618868e+00]
  [0.00000000e+00 0.00000000e+00 0.00000000e+00 0.00000000e+00
   0.00000000e+00 0.00000000e+00 2.43958915e+00 0.00000000e+00
   0.00000000e+00 0.00000000e+00 0.00000000e+00 0.00000000e+00]]

 [[8.21257810e+00 5.41992005e+00 1.30303174e+00 2.20425866e+00
   2.83319820e+00 1.97725278e+01 7.17788810e+01 4.97592422e+02
   1.00278515e+04 8.44337831e+03 3.56381285e+02 7.71225251e+01]
  [8.75152365e+00 6.26913449e-01 1.14789415e+01 1.99245449e+00
   0.00000000e+00 3.45736266e+00 1.03585808e+01 5.86710218e+01
   1.45412022e+02 3.11628233e+02 4.17243941e+02 1.56494167e+02]
  [2.45408523e-01 3.13510355e+01 1.79983240e+01 3.38227914e+00
   7.39910811e-01 2.77507055e+00 1.20365551e+01 1.11920577e+01
   1.81635154e+01 5.58966416e+01 4.03830019e+01 9.53978382e-01]
  [7.67176379e+01 5.53786085e+01 1.91627994e+01 2.50805373e+00
   3.04188035e-03 2.33285187e-03 5.47772188e+00 4.51358981e+00
   4.06870662e+00 7.08155441e+00 0.00000000e+00 0.00000000e+00]
  [3.82166865e+00 1.75668714e+01 1.01747937e+01 1.27257100e+01
   1.59123680e+01 0.00000000e+00 5.10998910e-01 7.30246268e-03
   9.03363715e-03 1.15483485e-01 0.00000000e+00 0.00000000e+00]
  [7.57690013e+00 1.37523487e+00 1.90978168e+00 8.14362950e+00
   4.74951141e-01 8.37056884e-01 1.17246143e+00 0.00000000e+00
   7.24390075e-01 1.29147521e+00 0.00000000e+00 0.00000000e+00]
  [0.00000000e+00 0.00000000e+00 0.00000000e+00 1.35252180e+00
   2.43900348e-01 4.66543677e+00 3.87987393e-03 1.30778814e+00
   1.42181403e+00 2.56241838e-03 0.00000000e+00 0.00000000e+00]
  [0.00000000e+00 0.00000000e+00 0.00000000e+00 0.00000000e+00
   0.00000000e+00 0.00000000e+00 0.00000000e+00 4.84002275e+00
   0.00000000e+00 0.00000000e+00 0.00000000e+00 0.00000000e+00]
  [0.00000000e+00 0.00000000e+00 0.00000000e+00 0.00000000e+00
   0.00000000e+00 0.00000000e+00 2.52202633e+00 0.00000000e+00
   0.00000000e+00 0.00000000e+00 7.10432363e-01 0.00000000e+00]
  [0.00000000e+00 0.00000000e+00 0.00000000e+00 0.00000000e+00
   2.61318907e-01 0.00000000e+00 0.00000000e+00 0.00000000e+00
   0.00000000e+00 2.17188522e-02 5.63281436e+00 1.87265799e+00]
  [1.08425722e+01 1.70957448e+00 0.00000000e+00 1.24146147e+00
   1.87672037e+00 3.17314884e+00 3.20375550e+00 7.64160375e-02
   0.00000000e+00 0.00000000e+00 0.00000000e+00 1.01686976e+00]
  [0.00000000e+00 0.00000000e+00 0.00000000e+00 0.00000000e+00
   8.56066453e-01 0.00000000e+00 0.00000000e+00 0.00000000e+00
   1.29401213e+00 1.41343853e+00 0.00000000e+00 0.00000000e+00]]

 [[3.87028321e+00 4.88284742e-01 4.95131910e-01 5.47227978e+00
   1.08075729e+01 2.74291135e+01 9.68694729e+01 4.36924323e+02
   1.11575438e+04 1.30840530e+04 4.30669124e+02 9.93718786e+01]
  [2.56312608e+01 3.66405662e+00 9.71730249e+00 7.81994119e-01
   2.64546812e+00 1.34968805e+01 2.31959004e+01 4.38847389e+01
   1.83650354e+02 4.64522788e+02 4.72689209e+02 1.75120612e+02]
  [1.11230276e+00 8.25090265e+01 1.22122605e+01 1.40875826e+01
   3.29276784e+00 0.00000000e+00 1.83359585e+00 1.25805560e+01
   2.65792524e+01 5.56483884e+01 8.15015429e+01 3.72247313e+00]
  [7.10654153e+01 4.62347975e+01 2.17270233e+01 7.74814169e+00
   1.69356200e+00 0.00000000e+00 0.00000000e+00 2.18487568e+00
   6.10951800e+00 1.35429859e+01 0.00000000e+00 7.26535983e-01]
  [6.01845673e+00 1.86196148e+01 3.38085054e+01 8.10807334e+00
   7.89433432e+00 8.18139709e-01 4.03819258e-01 0.00000000e+00
   5.41765068e-04 6.89952876e-01 7.36150179e-01 3.69389013e+00]
  [5.86568232e+00 1.79190871e+00 3.28624389e+00 2.42535329e+00
   3.62112287e+00 3.28320049e+00 2.36490431e+00 0.00000000e+00
   0.00000000e+00 2.62327143e+00 0.00000000e+00 6.68618421e-04]
  [0.00000000e+00 0.00000000e+00 1.49957027e+00 4.80296267e-01
   1.72325479e+00 2.68768547e-01 5.89972809e-02 1.57715038e+00
   4.01539592e-01 0.00000000e+00 0.00000000e+00 0.00000000e+00]
  [0.00000000e+00 0.00000000e+00 0.00000000e+00 0.00000000e+00
   1.00600695e+00 0.00000000e+00 0.00000000e+00 1.07077196e+00
   0.00000000e+00 0.00000000e+00 0.00000000e+00 0.00000000e+00]
  [0.00000000e+00 0.00000000e+00 0.00000000e+00 0.00000000e+00
   0.00000000e+00 0.00000000e+00 2.52326783e+00 0.00000000e+00
   0.00000000e+00 1.44473872e+00 3.41908582e-01 1.17109971e+00]
  [0.00000000e+00 2.24130852e+00 0.00000000e+00 1.59313015e+00
   6.03359189e-02 9.95684009e-01 0.00000000e+00 0.00000000e+00
   5.14673495e-01 0.00000000e+00 4.15577814e+00 1.23863733e+01]
  [1.71700686e+00 0.00000000e+00 0.00000000e+00 5.80965579e-01
   3.70803671e+00 9.60321080e-01 6.99324840e+00 5.86708235e+00
   0.00000000e+00 0.00000000e+00 0.00000000e+00 4.35348177e+00]
  [1.59152780e+00 0.00000000e+00 0.00000000e+00 3.13959109e+00
   3.00481103e-01 6.55208009e-01 8.35402069e-01 0.00000000e+00
   0.00000000e+00 4.06887436e+00 0.00000000e+00 2.71852557e+00]]]
Data type: float64

--- layer_2 ---
First 5 entries:
[[[0.00000000e+00 0.00000000e+00 4.01340300e+00 2.18249374e+00
   0.00000000e+00 4.31714959e-01]
  [8.21763826e-01 0.00000000e+00 0.00000000e+00 0.00000000e+00
   0.00000000e+00 0.00000000e+00]
  [0.00000000e+00 0.00000000e+00 4.82211912e+00 0.00000000e+00
   0.00000000e+00 0.00000000e+00]
  [0.00000000e+00 2.08149661e+01 5.40302403e+01 9.16962898e-01
   3.29194160e+00 7.35438570e+00]
  [1.52274113e+00 1.11496617e+00 3.19195737e+00 1.34876520e+00
   1.76326682e+00 0.00000000e+00]
  [1.70933908e+00 0.00000000e+00 2.60783559e+00 1.68550435e+00
   1.11968042e+00 6.43068586e+00]
  [1.85652754e+00 2.64539023e-01 9.37389610e-02 3.29592880e+00
   1.91276131e+00 4.89754695e-03]
  [0.00000000e+00 2.33842827e-01 0.00000000e+00 0.00000000e+00
   0.00000000e+00 1.16737196e+00]
  [3.15406763e-01 0.00000000e+00 0.00000000e+00 0.00000000e+00
   5.10998910e-01 0.00000000e+00]
  [0.00000000e+00 0.00000000e+00 0.00000000e+00 0.00000000e+00
   0.00000000e+00 0.00000000e+00]
  [0.00000000e+00 0.00000000e+00 0.00000000e+00 0.00000000e+00
   0.00000000e+00 0.00000000e+00]
  [0.00000000e+00 0.00000000e+00 0.00000000e+00 0.00000000e+00
   0.00000000e+00 0.00000000e+00]]

 [[5.10998910e-01 0.00000000e+00 0.00000000e+00 0.00000000e+00
   0.00000000e+00 0.00000000e+00]
  [0.00000000e+00 0.00000000e+00 0.00000000e+00 0.00000000e+00
   0.00000000e+00 0.00000000e+00]
  [0.00000000e+00 0.00000000e+00 2.53523203e+00 0.00000000e+00
   0.00000000e+00 0.00000000e+00]
  [0.00000000e+00 4.44113832e+00 1.08518577e+01 1.88768573e+00
   2.35943503e+00 1.77510409e+00]
  [0.00000000e+00 8.80110000e-02 6.68975040e-01 0.00000000e+00
   0.00000000e+00 1.79518505e-01]
  [1.15905452e+00 0.00000000e+00 3.31480405e-01 0.00000000e+00
   0.00000000e+00 0.00000000e+00]
  [0.00000000e+00 0.00000000e+00 0.00000000e+00 0.00000000e+00
   0.00000000e+00 0.00000000e+00]
  [0.00000000e+00 0.00000000e+00 0.00000000e+00 0.00000000e+00
   0.00000000e+00 0.00000000e+00]
  [0.00000000e+00 0.00000000e+00 0.00000000e+00 0.00000000e+00
   0.00000000e+00 0.00000000e+00]
  [0.00000000e+00 0.00000000e+00 0.00000000e+00 0.00000000e+00
   0.00000000e+00 0.00000000e+00]
  [0.00000000e+00 0.00000000e+00 0.00000000e+00 0.00000000e+00
   0.00000000e+00 0.00000000e+00]
  [0.00000000e+00 0.00000000e+00 0.00000000e+00 0.00000000e+00
   0.00000000e+00 0.00000000e+00]]

 [[0.00000000e+00 0.00000000e+00 1.52580164e-01 0.00000000e+00
   0.00000000e+00 0.00000000e+00]
  [0.00000000e+00 0.00000000e+00 0.00000000e+00 0.00000000e+00
   0.00000000e+00 0.00000000e+00]
  [0.00000000e+00 0.00000000e+00 1.28725072e+00 0.00000000e+00
   0.00000000e+00 0.00000000e+00]
  [0.00000000e+00 9.69955453e+00 3.50892946e+01 3.70693525e-02
   9.43260148e-01 2.12603543e+00]
  [0.00000000e+00 1.88130101e-01 1.92590777e+00 3.52227487e-01
   8.17751034e-01 1.18453601e-01]
  [7.17478175e-01 0.00000000e+00 2.27082615e+00 8.04655547e-01
   3.30217316e-01 0.00000000e+00]
  [2.28982482e-01 5.68755640e-01 1.41721507e+00 3.04304973e-01
   0.00000000e+00 2.50036240e-02]
  [0.00000000e+00 7.02017071e-01 0.00000000e+00 1.58670000e-02
   8.28201996e-01 0.00000000e+00]
  [0.00000000e+00 7.39830665e-01 4.29754655e-01 6.63513565e-03
   7.60903800e-02 0.00000000e+00]
  [0.00000000e+00 0.00000000e+00 0.00000000e+00 0.00000000e+00
   0.00000000e+00 0.00000000e+00]
  [5.49412187e-03 5.07688083e-03 0.00000000e+00 0.00000000e+00
   2.30997560e+00 0.00000000e+00]
  [0.00000000e+00 0.00000000e+00 0.00000000e+00 0.00000000e+00
   0.00000000e+00 0.00000000e+00]]

 [[9.47333576e-03 0.00000000e+00 1.54740212e+00 0.00000000e+00
   0.00000000e+00 0.00000000e+00]
  [0.00000000e+00 0.00000000e+00 4.55023417e-03 0.00000000e+00
   0.00000000e+00 0.00000000e+00]
  [0.00000000e+00 0.00000000e+00 4.22987910e-01 0.00000000e+00
   9.96294344e-04 0.00000000e+00]
  [0.00000000e+00 1.15930311e+01 5.53125327e+01 6.52332257e-01
   2.73775061e+00 2.54280810e+00]
  [9.14509532e-01 4.22987910e-01 5.64286352e-01 2.45055583e+00
   4.31956672e-01 8.57613101e-01]
  [0.00000000e+00 0.00000000e+00 0.00000000e+00 2.41167502e+00
   4.53849022e-01 5.28743339e-02]
  [0.00000000e+00 0.00000000e+00 0.00000000e+00 1.38401438e+00
   0.00000000e+00 0.00000000e+00]
  [0.00000000e+00 2.04014253e+00 4.11026821e-01 5.48881419e-01
   1.83455968e+00 0.00000000e+00]
  [0.00000000e+00 0.00000000e+00 0.00000000e+00 0.00000000e+00
   0.00000000e+00 0.00000000e+00]
  [0.00000000e+00 0.00000000e+00 0.00000000e+00 0.00000000e+00
   0.00000000e+00 0.00000000e+00]
  [0.00000000e+00 0.00000000e+00 0.00000000e+00 0.00000000e+00
   0.00000000e+00 0.00000000e+00]
  [0.00000000e+00 0.00000000e+00 0.00000000e+00 0.00000000e+00
   0.00000000e+00 0.00000000e+00]]]
Data type: float64

--- Overflow Data ---
First 5 entries:
[[1.38707516 0.         0.        ]
 [0.         0.         0.        ]
 [0.01715244 0.31724078 0.        ]
 [0.         0.         1.1329246 ]]
Data type: float64

--- Energy Data ---
First 5 entries:
[[90.09470967]
 [31.33243564]
 [55.75565094]
 [68.84764199]]
Data type: float64
